11111111. ιιιιι
16666 6161666616666166666166111161166116166166,
166 6661616666, comme aussi 166616166666616166666
6666616 1166166 616666. La langue 161166, 66 contraire,
16611661 666 6111616661 66 16 66166666 666 autres 166.
gnos. 116 6666166661 moins 16 1111166666 6616616
latin 16 6161166661 61 66161161161666 6666166 16
16666616 16 11116αώ11661 61 66161. 16166661. A 1666

6161616616 11616666, non-seulement 166 motis 16 6666 ,ι

166666661116661116666116666616 666 666111 661666
666166616611616616661111, nomme 16 66666661 16 0011-
* 66661166 166 phrases, 166 1116666666 6166161616 symae,
La 661611111166661666666666166666 est 16116, (66166666
6616666166 6161666661 66 1666611 66616666 166161 que
116 Gange 11 66616 66166 6116166 1611116616666161116666.
on 6 666166661166161661116 66 61616116 16 1611661166
16161161 16616 1661, 166 166116 16 16 666616166166
“ sont 1166 6616666661 1661166166 61 666616 que 6666 16

1611616 161161666661111166166. Si, 66 temps 1611616116 61

66 temps 11666616, 66 1616-66111 nombre 1161116616
16161666 6666116616υε666 66666611666666666611,
66 recherche 61666 66111666, 66 6666166166 quo 66 66111
1 nombre 11666666 66611 un fonds 66666 666666111166,
1666616116116111666661666616111666611611116
661666 6666 66 6666666166 6111 61611, 61 66611611 666616
6666666116666 166611661611666 66616616 66 qui 161-
! 11611 6166666166 6666 donner 66 plaisir 61 au monde

6616661666 666 616616,166166666616611666 Si, 66 oon·
16166, 166616661611666166166661 66161 1166161166
> 66111666 11666666 16 1661661166, 1616161166 61 do
16616 66611166, 6616661161 16611 6661666666 6166
. 6666616, 666166 66616, moins 6661661666611 11116616,
6666166661666661666661666666666666611661 m·
1611661616 666 166 6166 166 6166 166166, 166 6166 616111-

Qus 166 6666166166 6166 6611166661 166 6166 661166,

b

fl

 

